00000000000000000000000000000000
01101000000000100000000000000000
11011000000001010000000000000000
11101000000001010000000000000000
00111000000001100000000000000000
00011000000000100000000000000000 
10011000000001010000000000000000
11101000000001010000000000000000
11101000000001010000000000000000
10011000000001010000000000000000
10111000000001100000000000000000
01011000000000100000000000000000
01101000000001010000000000000000
01111000000001100000000000000000
11011000000000100000000000000000
11111000000001100000000000000000
00000000000001110000000000000000
11101011110011000000000000000000
11001101010000000000000000000000
10001101000000000000000000000000
11101000000000000000000000000000
11010000011111110100000000000000
11110001001000000000000000000000 
00000000000000000000000000000000 
00000000000000000000000000000000 
00000000000000000000000000000000 
00000000000000000000000000000000 